  5  0 28 28      0 19  9  1      9 25 37  1     19 24 24 37      9 21 25 19     10 20 15  4     29 38 16 33     17 16  5 17      1 22 17  7      1  7 19  0      0 10 22 28     19 27 20 27     20  5  0 20     21 10 29  4     19 13 28 38     37 20 10 33 
  1 13 21 29     27 24 22  9     25 17 38  5      0 25 28 37     13  4  9 22     15 19  0  4     13 15  5 20     16 28  1  7      5  1  0 28     28  0 22 19     20  1 21 24     17  7 29 37     28  0 29 13     28  1 20  0     28 17 30 33     15  7 37 38 
 16 28  5 38     24 10 29 38     27  5 22  0     33 37 30  9     19 27 17 10      9 19 27 37     27  0  0  1     16  9 16 17     17 22  9 17     21  7 15 29     27  1  4 27     13  0 37 15     25 24 15 33     25 13  9  0     33 15  4 29     21  4 20  0 
 30 30  4 16     28 17 21 27     25 25  4  0     24 22 19 16     22 20 24 29     33 38 27 27     30 20 27 21     30 37 37 30     27 22 27  7     29 20 33 21     13  1 22 37     24  7 20  5     13 22 30  4     22 25 16 24     33 25 19 33     22  4 15  1 
 28 28 33 15     25 37 37 28     38 21  5 21      4 13  5 29      4 38  4  0      5  5 15  0     37 30 25 28      7 15 38 15     17 29 16 19     17  0 21 27     22 19 29 27     10  4  5  0     29 28 15 38     27  1 30 38     22 28  9  0     20 27 20 29 
 28 28 37  9     16 28 13 33     24  5  4 13     10 10 16 37      1 28  0 17     13 28 38 29     13 16 30 33     28 33 27 28      4 22  0 13     19 13 33 29      7 13  9 25     13 37  4 20     19 38 38 33     25 13 27 13     13  4 21 30     19  0  0 10 
 17  0 15 16     24 24 19 24     22 20 17 24      9 33  4 27     13 27  0 21     38 29 33 22     10 33  0 13     28  5  1  4     29 17 28 10      5 19 15 22     22 28 33 24     33 37 15  1      5 29 21  0      0 17 29 10     13 30  5 28     16 33 37 24 
 16 15 10 38     29 22 29 22     21 16 27 21     22 29 27 13     27 13 30 13     28 29 10 10      5  7 28  4     27 29 38 15     22 22 25 29      0 29 30 10      1 20  4 15     30 38 16 20     33  4 27  9      1  1  1  4     28 16 28  4     28  5 37 28 
 20 30 38 37     28  4  5 33      4 29 21 16     13 29  0 37     33 10  4 29     22 30 13 28     19 10 37  0     29 30  4  1     20  9 21  5      7 30  7 28     19 38 27 20     38 29  4  4     16 20 13 15     22 27 25 22     24 29 30  4      9 28  4  7 
 29  4  7 25     13 33 19 33     27 30 29  4     16 16 21 20     33 19 37  9      5 33  1 25     10  9  4 21     27 33  7 38     13 19 13 16     27 15 29 19      9  4 19 13      9 19 27 38     20 17  7 27     25  0 30 13     27 13 24 15     21  0  1 19 
 29  4  5 25     38 10 33 37      4 28 16  5     20 25 22 17     29 22 16 30     21  4 21 27      5  5  5 10     21 13 21 20     25 25 10 21     16  7  9 33     16  4 37 28      4  0 22 27     30 25 10 27     25 37 38 17     24 38 16 29     33 24 28 21 
 28 13 13 28      4 13 25 27      1 29  9  4      9 25 22 24     30 10 28 13     16  9 22 13     27 20  1 28     33 28 21  0     13  1  0 22     10  9 30  0     21  9 38 24      4 38 17  1     30 38 28 19     27  4 20 10     16 17 17  1     15 19 13  7 
 20 13  0 21     22 20 24 30     22 24  5  9     30  4  9 30     37  0  0  1      9 16 21  0     30  9 38 24     20 20 20 30     38 17 22 37     19 19 38 25     21 38 15 22     29  0 17  4      1  0 22 28     19 17  0  4     16  7 33  1     22  0 21  7 
 22  0 17  1     16  0  0 37     28  1 21 37     13 15  5 29     20 22 27 29     38  4  1  9     19 24  5 33     22 30 20 16      1 10  1 33      4  7 19 30     19  1 25  0     38 10 20 10      0 13  7 25     17  1 21  1     21 19  5  1     20  4  9 33 
 17 29 19 10     28  4 27 21     25  4 16 33     21  0 16  7     25  5 24 30     29 33 19 28     28 10 33  4     24  5 22 25     17  4  4 22     20 13 10  0     29 33 19 25      5 10 10  0      1  0  9 22     10 38 17 38     28  4  0 27     38  1 10  9 
 27 17 24 13     15 33  9 22     37 37  0  4     15 20 27 25      1 38 22  0      1 13 28 21     17  0 28 22     17 25 20  5     37 13 13  0     28 37 27 38      5 29 10 38      4 20 21 16      1 37 13 17     37 33 10  4     27 13 10 21     27 27  0 27 
